       0.10000D+01       0.00000D+00       0.11590D+00       0.88105D-01       0.00000D+00
       0.20000D+01       0.00000D+00       0.38911D+00       0.14935D+00       0.00000D+00
       0.30000D+01       0.00000D+00       0.69532D+00       0.20251D+00       0.00000D+00
       0.40000D+01       0.00000D+00       0.95503D+00       0.24531D+00       0.00000D+00
       0.50000D+01       0.00000D+00       0.11288D+01       0.27834D+00       0.00000D+00
       0.60000D+01       0.00000D+00       0.11978D+01       0.30277D+00       0.00000D+00
       0.70000D+01       0.00000D+00       0.11553D+01       0.31964D+00       0.00000D+00
       0.80000D+01       0.00000D+00       0.10054D+01       0.32977D+00       0.00000D+00
       0.90000D+01       0.00000D+00       0.76362D+00       0.33368D+00       0.00000D+00
       0.10000D+02       0.00000D+00       0.46322D+00       0.33163D+00       0.00000D+00
       0.11000D+02       0.00000D+00       0.17203D+00       0.32357D+00       0.00000D+00
       0.12000D+02       0.00000D+00       0.70663D-02       0.30932D+00       0.00000D+00
       0.13000D+02       0.00000D+00       0.69094D-01       0.29402D+00       0.28295D+00
       0.14000D+02       0.00000D+00       0.31679D+00       0.28685D+00       0.26521D+00
       0.15000D+02       0.00000D+00       0.62429D+00       0.28626D+00       0.24812D+00
       0.16000D+02       0.00000D+00       0.89979D+00       0.28995D+00       0.23180D+00
       0.17000D+02       0.00000D+00       0.10964D+01       0.29598D+00       0.21659D+00
       0.18000D+02       0.00000D+00       0.11914D+01       0.30279D+00       0.20276D+00
       0.19000D+02       0.26877D-10       0.11756D+01       0.30916D+00       0.19048D+00
       0.20000D+02       0.49227D-10       0.10503D+01       0.31417D+00       0.17979D+00
       0.21000D+02       0.58790D-10       0.82835D+00       0.31716D+00       0.17064D+00
       0.22000D+02       0.63382D-10       0.53743D+00       0.31760D+00       0.16293D+00
       0.23000D+02       0.78698D-10       0.23515D+00       0.31507D+00       0.15649D+00
       0.24000D+02       0.82926D-10       0.27909D-01       0.30916D+00       0.15102D+00
       0.25000D+02       0.78143D-10       0.33269D-01       0.30101D+00       0.29222D+00
       0.26000D+02       0.74357D-10       0.24764D+00       0.29610D+00       0.28264D+00
       0.27000D+02       0.71254D-10       0.55126D+00       0.29477D+00       0.27285D+00
       0.28000D+02       0.69121D-10       0.84000D+00       0.29604D+00       0.26287D+00
       0.29000D+02       0.67403D-10       0.10581D+01       0.29900D+00       0.25294D+00
       0.30000D+02       0.65629D-10       0.11787D+01       0.30281D+00       0.24331D+00
       0.31000D+02       0.63814D-10       0.11896D+01       0.30673D+00       0.23425D+00
       0.32000D+02       0.92583D-10       0.10897D+01       0.31012D+00       0.22593D+00
       0.33000D+02       0.94700D-10       0.88903D+00       0.31244D+00       0.21847D+00
       0.34000D+02       0.97228D-10       0.61079D+00       0.31327D+00       0.21192D+00
       0.35000D+02       0.10285D-09       0.30358D+00       0.31222D+00       0.20627D+00
       0.36000D+02       0.10766D-09       0.61563D-01       0.30896D+00       0.20138D+00
       0.37000D+02       0.10359D-09       0.99480D-02       0.30359D+00       0.29543D+00
       0.38000D+02       0.10013D-09       0.18333D+00       0.29959D+00       0.28894D+00
       0.39000D+02       0.97067D-10       0.47711D+00       0.29810D+00       0.28220D+00
       0.40000D+02       0.94871D-10       0.77604D+00       0.29852D+00       0.27514D+00
       0.41000D+02       0.93179D-10       0.10142D+01       0.30029D+00       0.26790D+00
       0.42000D+02       0.91482D-10       0.11596D+01       0.30284D+00       0.26068D+00
       0.43000D+02       0.89671D-10       0.11972D+01       0.30564D+00       0.25368D+00
       0.44000D+02       0.10621D-09       0.11233D+01       0.30822D+00       0.24708D+00
       0.45000D+02       0.11443D-09       0.94514D+00       0.31017D+00       0.24101D+00
       0.46000D+02       0.11868D-09       0.68225D+00       0.31111D+00       0.23556D+00
       0.47000D+02       0.12988D-09       0.37548D+00       0.31073D+00       0.23077D+00
       0.48000D+02       0.13219D-09       0.10650D+00       0.30875D+00       0.22657D+00
       0.49000D+02       0.12927D-09       0.25043D-03       0.30499D+00       0.29706D+00
       0.50000D+02       0.12593D-09       0.12582D+00       0.30150D+00       0.29217D+00
       0.51000D+02       0.12287D-09       0.40298D+00       0.29993D+00       0.28708D+00
       0.52000D+02       0.12056D-09       0.70843D+00       0.29991D+00       0.28169D+00
       0.53000D+02       0.11884D-09       0.96491D+00       0.30103D+00       0.27606D+00
       0.54000D+02       0.11720D-09       0.11343D+01       0.30287D+00       0.27033D+00
       0.55000D+02       0.11542D-09       0.11983D+01       0.30502D+00       0.26466D+00
       0.56000D+02       0.12879D-09       0.11508D+01       0.30711D+00       0.25922D+00
       0.57000D+02       0.13588D-09       0.99628D+00       0.30880D+00       0.25413D+00
       0.58000D+02       0.14122D-09       0.75101D+00       0.30977D+00       0.24949D+00
       0.59000D+02       0.14706D-09       0.44921D+00       0.30976D+00       0.24535D+00
       0.60000D+02       0.15167D-09       0.16087D+00       0.30853D+00       0.24171D+00
       0.61000D+02       0.15036D-09       0.46595D-02       0.30585D+00       0.23843D+00
       0.62000D+02       0.14709D-09       0.77136D-01       0.30275D+00       0.29412D+00
       0.63000D+02       0.14414D-09       0.33024D+00       0.30113D+00       0.29007D+00
       0.64000D+02       0.14177D-09       0.63787D+00       0.30083D+00       0.28575D+00
       0.65000D+02       0.14004D-09       0.91057D+00       0.30154D+00       0.28117D+00
       0.66000D+02       0.13850D-09       0.11029D+01       0.30291D+00       0.27645D+00
       0.67000D+02       0.13680D-09       0.11931D+01       0.30462D+00       0.27172D+00
       0.68000D+02       0.13891D-09       0.11722D+01       0.30638D+00       0.26710D+00
       0.69000D+02       0.14203D-09       0.10422D+01       0.30787D+00       0.26273D+00
       0.70000D+02       0.14506D-09       0.81643D+00       0.30885D+00       0.25869D+00
       0.71000D+02       0.14531D-09       0.52346D+00       0.30906D+00       0.25504D+00
       0.72000D+02       0.14709D-09       0.22278D+00       0.30831D+00       0.25181D+00
       0.73000D+02       0.14534D-09       0.22958D-01       0.30638D+00       0.24892D+00
       0.74000D+02       0.14251D-09       0.39114D-01       0.30367D+00       0.29543D+00
       0.75000D+02       0.14009D-09       0.26037D+00       0.30201D+00       0.29208D+00
       0.76000D+02       0.13801D-09       0.56516D+00       0.30151D+00       0.28850D+00
       0.77000D+02       0.13651D-09       0.85162D+00       0.30192D+00       0.28468D+00
       0.78000D+02       0.13524D-09       0.10658D+01       0.30295D+00       0.28069D+00
       0.79000D+02       0.13388D-09       0.11816D+01       0.30435D+00       0.27663D+00
       0.80000D+02       0.13245D-09       0.11874D+01       0.30585D+00       0.27263D+00
       0.81000D+02       0.14868D-09       0.10827D+01       0.30720D+00       0.26880D+00
       0.82000D+02       0.15298D-09       0.87792D+00       0.30816D+00       0.26522D+00
       0.83000D+02       0.15487D-09       0.59706D+00       0.30852D+00       0.26196D+00
       0.84000D+02       0.15962D-09       0.29035D+00       0.30809D+00       0.25904D+00
       0.85000D+02       0.16229D-09       0.54297D-01       0.30670D+00       0.25644D+00
       0.86000D+02       0.15958D-09       0.13332D-01       0.30440D+00       0.29636D+00
       0.87000D+02       0.15724D-09       0.19501D+00       0.30270D+00       0.29352D+00
       0.88000D+02       0.15511D-09       0.49114D+00       0.30205D+00       0.29048D+00
       0.89000D+02       0.15354D-09       0.78841D+00       0.30223D+00       0.28722D+00
       0.90000D+02       0.15229D-09       0.10229D+01       0.30301D+00       0.28378D+00
       0.91000D+02       0.15100D-09       0.11637D+01       0.30416D+00       0.28025D+00
       0.92000D+02       0.14961D-09       0.11962D+01       0.30546D+00       0.27673D+00
       0.93000D+02       0.15124D-09       0.11174D+01       0.30668D+00       0.27332D+00
       0.94000D+02       0.15108D-09       0.93492D+00       0.30761D+00       0.27010D+00
       0.95000D+02       0.15046D-09       0.66895D+00       0.30807D+00       0.26714D+00
       0.96000D+02       0.14991D-09       0.36173D+00       0.30789D+00       0.26448D+00
       0.97000D+02       0.14877D-09       0.97241D-01       0.30689D+00       0.26211D+00
       0.98000D+02       0.14647D-09       0.10052D-02       0.30499D+00       0.29706D+00
       0.99000D+02       0.14456D-09       0.13606D+00       0.30327D+00       0.29459D+00
       0.10000D+03       0.14278D-09       0.41691D+00       0.30250D+00       0.29197D+00
       0.10100D+03       0.14140D-09       0.72143D+00       0.30249D+00       0.28914D+00
       0.10200D+03       0.14036D-09       0.97461D+00       0.30307D+00       0.28614D+00
       0.10300D+03       0.13934D-09       0.11395D+01       0.30402D+00       0.28302D+00
       0.10400D+03       0.13822D-09       0.11986D+01       0.30515D+00       0.27989D+00
       0.10500D+03       0.15041D-09       0.11461D+01       0.30626D+00       0.27681D+00
       0.10600D+03       0.15466D-09       0.98702D+00       0.30717D+00       0.27389D+00
       0.10700D+03       0.15634D-09       0.73827D+00       0.30769D+00       0.27118D+00
       0.10800D+03       0.15731D-09       0.43522D+00       0.30768D+00       0.26873D+00
       0.10900D+03       0.16087D-09       0.14997D+00       0.30698D+00       0.26654D+00
       0.11000D+03       0.16094D-09       0.27489D-02       0.30547D+00       0.26454D+00
       0.11100D+03       0.15900D-09       0.85558D-01       0.30377D+00       0.29542D+00
       0.11200D+03       0.15721D-09       0.34379D+00       0.30289D+00       0.29313D+00
       0.11300D+03       0.15575D-09       0.65138D+00       0.30273D+00       0.29065D+00
       0.11400D+03       0.15468D-09       0.92119D+00       0.30314D+00       0.28799D+00
       0.11500D+03       0.15369D-09       0.11093D+01       0.30392D+00       0.28521D+00
       0.11600D+03       0.15261D-09       0.11946D+01       0.30491D+00       0.28239D+00
       0.11700D+03       0.15254D-09       0.11687D+01       0.30592D+00       0.27960D+00
       0.11800D+03       0.15217D-09       0.10340D+01       0.30679D+00       0.27692D+00
       0.11900D+03       0.15173D-09       0.80436D+00       0.30736D+00       0.27442D+00
       0.12000D+03       0.15165D-09       0.50947D+00       0.30748D+00       0.27214D+00
       0.12100D+03       0.15118D-09       0.21061D+00       0.30701D+00       0.27009D+00
       0.12200D+03       0.14937D-09       0.18473D-01       0.30583D+00       0.26824D+00
       0.12300D+03       0.14764D-09       0.45395D-01       0.30421D+00       0.29608D+00
       0.12400D+03       0.14612D-09       0.27326D+00       0.30324D+00       0.29404D+00
       0.12500D+03       0.14482D-09       0.57901D+00       0.30295D+00       0.29185D+00
       0.12600D+03       0.14386D-09       0.86308D+00       0.30321D+00       0.28948D+00
       0.12700D+03       0.14304D-09       0.10732D+01       0.30385D+00       0.28698D+00
       0.12800D+03       0.14215D-09       0.11842D+01       0.30471D+00       0.28442D+00
       0.12900D+03       0.14121D-09       0.11850D+01       0.30564D+00       0.28187D+00
       0.13000D+03       0.15344D-09       0.10755D+01       0.30647D+00       0.27940D+00
       0.13100D+03       0.15517D-09       0.86664D+00       0.30707D+00       0.27707D+00
       0.13200D+03       0.15642D-09       0.58327D+00       0.30729D+00       0.27494D+00
       0.13300D+03       0.16027D-09       0.27726D+00       0.30700D+00       0.27301D+00
       0.13400D+03       0.16229D-09       0.47445D-01       0.30609D+00       0.27128D+00
       0.13500D+03       0.16059D-09       0.17197D-01       0.30462D+00       0.29662D+00
       0.13600D+03       0.15909D-09       0.20691D+00       0.30356D+00       0.29479D+00
       0.13700D+03       0.15771D-09       0.50516D+00       0.30317D+00       0.29283D+00
       0.13800D+03       0.15670D-09       0.80064D+00       0.30329D+00       0.29070D+00
       0.13900D+03       0.15587D-09       0.10315D+01       0.30380D+00       0.28844D+00
       0.14000D+03       0.15501D-09       0.11675D+01       0.30456D+00       0.28611D+00
       0.14100D+03       0.15407D-09       0.11951D+01       0.30540D+00       0.28376D+00
       0.14200D+03       0.15363D-09       0.11113D+01       0.30620D+00       0.28147D+00
       0.14300D+03       0.15322D-09       0.92453D+00       0.30680D+00       0.27929D+00
       0.14400D+03       0.15288D-09       0.65556D+00       0.30710D+00       0.27728D+00
       0.14500D+03       0.15219D-09       0.34805D+00       0.30696D+00       0.27546D+00
       0.14600D+03       0.15102D-09       0.88331D-01       0.30627D+00       0.27382D+00
       0.14700D+03       0.14935D-09       0.22630D-02       0.30499D+00       0.29706D+00
       0.14800D+03       0.14806D-09       0.14660D+00       0.30387D+00       0.29541D+00
       0.14900D+03       0.14683D-09       0.43087D+00       0.30337D+00       0.29364D+00
       0.15000D+03       0.14589D-09       0.73433D+00       0.30338D+00       0.29172D+00
       0.15100D+03       0.14517D-09       0.98413D+00       0.30378D+00       0.28966D+00
       0.15200D+03       0.14445D-09       0.11446D+01       0.30443D+00       0.28752D+00
       0.15300D+03       0.14366D-09       0.11986D+01       0.30520D+00       0.28536D+00
       0.15400D+03       0.15198D-09       0.11412D+01       0.30595D+00       0.28322D+00
       0.15500D+03       0.15452D-09       0.97758D+00       0.30657D+00       0.28118D+00
       0.15600D+03       0.15577D-09       0.72542D+00       0.30692D+00       0.27927D+00
       0.15700D+03       0.15762D-09       0.42126D+00       0.30689D+00       0.27754D+00
       0.15800D+03       0.16002D-09       0.13936D+00       0.30639D+00       0.27599D+00
       0.15900D+03       0.15951D-09       0.13378D-02       0.30532D+00       0.27456D+00
       0.16000D+03       0.15818D-09       0.94350D-01       0.30416D+00       0.29592D+00
       0.16100D+03       0.15695D-09       0.35744D+00       0.30357D+00       0.29432D+00
       0.16200D+03       0.15594D-09       0.66480D+00       0.30348D+00       0.29258D+00
       0.16300D+03       0.15520D-09       0.93164D+00       0.30377D+00       0.29070D+00
       0.16400D+03       0.15450D-09       0.11155D+01       0.30433D+00       0.28873D+00
       0.16500D+03       0.15373D-09       0.11958D+01       0.30502D+00       0.28672D+00
       0.16600D+03       0.15296D-09       0.11649D+01       0.30574D+00       0.28472D+00
       0.16700D+03       0.15243D-09       0.10255D+01       0.30635D+00       0.28280D+00
       0.16800D+03       0.15264D-09       0.79217D+00       0.30674D+00       0.28099D+00
       0.16900D+03       0.15256D-09       0.49546D+00       0.30681D+00       0.27934D+00
       0.17000D+03       0.15183D-09       0.19865D+00       0.30646D+00       0.27785D+00
       0.17100D+03       0.15048D-09       0.14461D-01       0.30560D+00       0.27649D+00
       0.17200D+03       0.14924D-09       0.52103D-01       0.30445D+00       0.29636D+00
       0.17300D+03       0.14815D-09       0.28630D+00       0.30377D+00       0.29489D+00
       0.17400D+03       0.14720D-09       0.59280D+00       0.30358D+00       0.29331D+00
       0.17500D+03       0.14651D-09       0.87438D+00       0.30378D+00       0.29159D+00
       0.17600D+03       0.14591D-09       0.10805D+01       0.30425D+00       0.28977D+00
       0.17700D+03       0.14524D-09       0.11867D+01       0.30487D+00       0.28790D+00
       0.17800D+03       0.14712D-09       0.11824D+01       0.30554D+00       0.28603D+00
       0.17900D+03       0.15270D-09       0.10681D+01       0.30615D+00       0.28421D+00
       0.18000D+03       0.15640D-09       0.85521D+00       0.30657D+00       0.28249D+00
       0.18100D+03       0.15735D-09       0.56943D+00       0.30672D+00       0.28090D+00
       0.18200D+03       0.16038D-09       0.26431D+00       0.30649D+00       0.27947D+00
       0.18300D+03       0.16170D-09       0.41018D-01       0.30581D+00       0.27818D+00
       0.18400D+03       0.16044D-09       0.21536D-01       0.30472D+00       0.29673D+00
       0.18500D+03       0.15934D-09       0.21903D+00       0.30397D+00       0.29539D+00
       0.18600D+03       0.15833D-09       0.51916D+00       0.30370D+00       0.29393D+00
       0.18700D+03       0.15759D-09       0.81273D+00       0.30380D+00       0.29235D+00
       0.18800D+03       0.15698D-09       0.10398D+01       0.30419D+00       0.29067D+00
       0.18900D+03       0.15633D-09       0.11712D+01       0.30475D+00       0.28893D+00
       0.19000D+03       0.15563D-09       0.11937D+01       0.30537D+00       0.28717D+00
       0.19100D+03       0.15510D-09       0.11050D+01       0.30596D+00       0.28544D+00
       0.19200D+03       0.15477D-09       0.91397D+00       0.30641D+00       0.28380D+00
       0.19300D+03       0.15434D-09       0.64208D+00       0.30662D+00       0.28228D+00
       0.19400D+03       0.15365D-09       0.33446D+00       0.30650D+00       0.28090D+00
       0.19500D+03       0.15262D-09       0.79783D-01       0.30597D+00       0.27966D+00
       0.19600D+03       0.15136D-09       0.40216D-02       0.30499D+00       0.29706D+00
       0.19700D+03       0.15038D-09       0.15742D+00       0.30417D+00       0.29581D+00
       0.19800D+03       0.14945D-09       0.44487D+00       0.30381D+00       0.29448D+00
       0.19900D+03       0.14874D-09       0.74711D+00       0.30384D+00       0.29302D+00
       0.20000D+03       0.14818D-09       0.99347D+00       0.30414D+00       0.29146D+00
       0.20100D+03       0.14763D-09       0.11494D+01       0.30464D+00       0.28983D+00
       0.20200D+03       0.14701D-09       0.11985D+01       0.30522D+00       0.28817D+00
       0.20300D+03       0.15281D-09       0.11360D+01       0.30579D+00       0.28654D+00
       0.20400D+03       0.15556D-09       0.96796D+00       0.30625D+00       0.28497D+00
       0.20500D+03       0.15650D-09       0.71246D+00       0.30651D+00       0.28350D+00
       0.20600D+03       0.15753D-09       0.40733D+00       0.30648D+00       0.28217D+00
       0.20700D+03       0.15906D-09       0.12904D+00       0.30608D+00       0.28097D+00
       0.20800D+03       0.15899D-09       0.42865D-03       0.30525D+00       0.27986D+00
       0.20900D+03       0.15799D-09       0.10350D+00       0.30437D+00       0.29619D+00
       0.21000D+03       0.15704D-09       0.37116D+00       0.30394D+00       0.29495D+00
       0.21100D+03       0.15628D-09       0.67813D+00       0.30388D+00       0.29361D+00
       0.21200D+03       0.15572D-09       0.94192D+00       0.30411D+00       0.29215D+00
       0.21300D+03       0.15518D-09       0.11214D+01       0.30455D+00       0.29063D+00
       0.21400D+03       0.15457D-09       0.11968D+01       0.30509D+00       0.28907D+00
       0.21500D+03       0.15434D-09       0.11609D+01       0.30563D+00       0.28751D+00
       0.21600D+03       0.15421D-09       0.10169D+01       0.30610D+00       0.28601D+00
       0.21700D+03       0.15428D-09       0.77984D+00       0.30640D+00       0.28460D+00
       0.21800D+03       0.15406D-09       0.48144D+00       0.30644D+00       0.28331D+00
       0.21900D+03       0.15362D-09       0.18692D+00       0.30616D+00       0.28214D+00
       0.22000D+03       0.15267D-09       0.10930D-01       0.30547D+00       0.28107D+00
       0.22100D+03       0.15171D-09       0.59228D-01       0.30458D+00       0.29651D+00
       0.22200D+03       0.15084D-09       0.29948D+00       0.30407D+00       0.29537D+00
       0.22300D+03       0.15010D-09       0.60654D+00       0.30394D+00       0.29412D+00
       0.22400D+03       0.14955D-09       0.88553D+00       0.30410D+00       0.29277D+00
       0.22500D+03       0.14907D-09       0.10875D+01       0.30447D+00       0.29134D+00
       0.22600D+03       0.14854D-09       0.11889D+01       0.30496D+00       0.28986D+00
       0.22700D+03       0.15027D-09       0.11796D+01       0.30549D+00       0.28839D+00
       0.22800D+03       0.15296D-09       0.10605D+01       0.30596D+00       0.28695D+00
       0.22900D+03       0.15401D-09       0.84363D+00       0.30629D+00       0.28559D+00
       0.23000D+03       0.15436D-09       0.55554D+00       0.30639D+00       0.28433D+00
       0.23100D+03       0.15582D-09       0.25152D+00       0.30620D+00       0.28319D+00
       0.23200D+03       0.15647D-09       0.35027D-01       0.30564D+00       0.28216D+00
       0.23300D+03       0.15551D-09       0.26340D-01       0.30478D+00       0.29680D+00
       0.23400D+03       0.15466D-09       0.23135D+00       0.30421D+00       0.29573D+00
       0.23500D+03       0.15390D-09       0.53314D+00       0.30400D+00       0.29458D+00
       0.23600D+03       0.15333D-09       0.82469D+00       0.30410D+00       0.29332D+00
       0.23700D+03       0.15286D-09       0.10479D+01       0.30441D+00       0.29198D+00
       0.23800D+03       0.15235D-09       0.11746D+01       0.30486D+00       0.29058D+00
       0.23900D+03       0.15181D-09       0.11920D+01       0.30536D+00       0.28918D+00
       0.24000D+03       0.15285D-09       0.10985D+01       0.30582D+00       0.28780D+00
       0.24100D+03       0.15275D-09       0.90324D+00       0.30617D+00       0.28648D+00
       0.24200D+03       0.15265D-09       0.62852D+00       0.30633D+00       0.28526D+00
       0.24300D+03       0.15249D-09       0.32096D+00       0.30622D+00       0.28415D+00
       0.24400D+03       0.15210D-09       0.71608D-01       0.30578D+00       0.28315D+00
       0.24500D+03       0.15115D-09       0.62780D-02       0.30499D+00       0.29706D+00
       0.24600D+03       0.15036D-09       0.16852D+00       0.30435D+00       0.29606D+00
       0.24700D+03       0.14962D-09       0.45888D+00       0.30408D+00       0.29498D+00
       0.24800D+03       0.14906D-09       0.75977D+00       0.30411D+00       0.29381D+00
       0.24900D+03       0.14862D-09       0.10026D+01       0.30436D+00       0.29255D+00
       0.25000D+03       0.14816D-09       0.11540D+01       0.30477D+00       0.29123D+00
       0.25100D+03       0.14766D-09       0.11980D+01       0.30524D+00       0.28989D+00
       0.25200D+03       0.15244D-09       0.11306D+01       0.30569D+00       0.28857D+00
       0.25300D+03       0.15422D-09       0.95815D+00       0.30606D+00       0.28729D+00
       0.25400D+03       0.15505D-09       0.69939D+00       0.30626D+00       0.28611D+00
       0.25500D+03       0.15675D-09       0.39345D+00       0.30622D+00       0.28502D+00
       0.25600D+03       0.15778D-09       0.11903D+00       0.30589D+00       0.28404D+00
       0.25700D+03       0.15724D-09       0.23252D-04       0.30520D+00       0.28314D+00
       0.25800D+03       0.15645D-09       0.11299D+00       0.30450D+00       0.29635D+00
       0.25900D+03       0.15569D-09       0.38496D+00       0.30417D+00       0.29535D+00
       0.26000D+03       0.15509D-09       0.69137D+00       0.30413D+00       0.29425D+00
       0.26100D+03       0.15463D-09       0.95203D+00       0.30433D+00       0.29306D+00
       0.26200D+03       0.15419D-09       0.11271D+01       0.30469D+00       0.29182D+00
       0.26300D+03       0.15370D-09       0.11976D+01       0.30512D+00       0.29054D+00
       0.26400D+03       0.15458D-09       0.11567D+01       0.30557D+00       0.28927D+00
       0.26500D+03       0.15522D-09       0.10080D+01       0.30595D+00       0.28804D+00
       0.26600D+03       0.15529D-09       0.76738D+00       0.30618D+00       0.28688D+00
       0.26700D+03       0.15618D-09       0.46742D+00       0.30621D+00       0.28582D+00
       0.26800D+03       0.15639D-09       0.17542D+00       0.30596D+00       0.28486D+00
       0.26900D+03       0.15571D-09       0.78841D-02       0.30538D+00       0.28398D+00
       0.27000D+03       0.15492D-09       0.66759D-01       0.30466D+00       0.29661D+00
       0.27100D+03       0.15419D-09       0.31278D+00       0.30426D+00       0.29567D+00
       0.27200D+03       0.15358D-09       0.62021D+00       0.30416D+00       0.29464D+00
       0.27300D+03       0.15312D-09       0.89653D+00       0.30431D+00       0.29353D+00
       0.27400D+03       0.15272D-09       0.10944D+01       0.30462D+00       0.29235D+00
       0.27500D+03       0.15226D-09       0.11909D+01       0.30502D+00       0.29113D+00
       0.27600D+03       0.15385D-09       0.11765D+01       0.30546D+00       0.28991D+00
       0.27700D+03       0.15608D-09       0.10527D+01       0.30584D+00       0.28872D+00
       0.27800D+03       0.15738D-09       0.83189D+00       0.30610D+00       0.28760D+00
       0.27900D+03       0.15790D-09       0.54161D+00       0.30618D+00       0.28656D+00
       0.28000D+03       0.15888D-09       0.23890D+00       0.30601D+00       0.28561D+00
       0.28100D+03       0.15887D-09       0.29483D-01       0.30554D+00       0.28476D+00
       0.28200D+03       0.15809D-09       0.31603D-01       0.30483D+00       0.29685D+00
       0.28300D+03       0.15738D-09       0.24386D+00       0.30436D+00       0.29596D+00
       0.28400D+03       0.15674D-09       0.54709D+00       0.30421D+00       0.29500D+00
       0.28500D+03       0.15627D-09       0.83649D+00       0.30429D+00       0.29395D+00
       0.28600D+03       0.15587D-09       0.10558D+01       0.30456D+00       0.29283D+00
       0.28700D+03       0.15544D-09       0.11778D+01       0.30493D+00       0.29167D+00
       0.28800D+03       0.15498D-09       0.11902D+01       0.30535D+00       0.29050D+00
       0.28900D+03       0.15642D-09       0.10918D+01       0.30573D+00       0.28935D+00
       0.29000D+03       0.15703D-09       0.89233D+00       0.30602D+00       0.28825D+00
       0.29100D+03       0.15700D-09       0.61489D+00       0.30614D+00       0.28724D+00
       0.29200D+03       0.15757D-09       0.30758D+00       0.30604D+00       0.28631D+00
       0.29300D+03       0.15763D-09       0.63821D-01       0.30566D+00       0.28547D+00
       0.29400D+03       0.15684D-09       0.90280D-02       0.30499D+00       0.29706D+00
       0.29500D+03       0.15616D-09       0.17988D+00       0.30447D+00       0.29622D+00
       0.29600D+03       0.15552D-09       0.47291D+00       0.30426D+00       0.29532D+00
       0.29700D+03       0.15504D-09       0.77231D+00       0.30429D+00       0.29434D+00
       0.29800D+03       0.15465D-09       0.10116D+01       0.30451D+00       0.29328D+00
       0.29900D+03       0.15426D-09       0.11583D+01       0.30485D+00       0.29217D+00
       0.30000D+03       0.15382D-09       0.11974D+01       0.30525D+00       0.29104D+00
       0.30100D+03       0.15618D-09       0.11250D+01       0.30563D+00       0.28993D+00
       0.30200D+03       0.15705D-09       0.94817D+00       0.30593D+00       0.28887D+00
       0.30300D+03       0.15733D-09       0.68622D+00       0.30609D+00       0.28787D+00
       0.30400D+03       0.15783D-09       0.37961D+00       0.30605D+00       0.28695D+00
       0.30500D+03       0.15843D-09       0.10934D+00       0.30575D+00       0.28613D+00
       0.30600D+03       0.15778D-09       0.12238D-03       0.30516D+00       0.29726D+00
       0.30700D+03       0.15712D-09       0.12281D+00       0.30459D+00       0.29646D+00
       0.30800D+03       0.15648D-09       0.39882D+00       0.30432D+00       0.29561D+00
       0.30900D+03       0.15598D-09       0.70451D+00       0.30430D+00       0.29469D+00
       0.31000D+03       0.15559D-09       0.96196D+00       0.30448D+00       0.29368D+00
       0.31100D+03       0.15522D-09       0.11327D+01       0.30478D+00       0.29263D+00
       0.31200D+03       0.15480D-09       0.11982D+01       0.30515D+00       0.29155D+00
       0.31300D+03       0.15552D-09       0.11522D+01       0.30553D+00       0.29047D+00
       0.31400D+03       0.15742D-09       0.99903D+00       0.30584D+00       0.28943D+00
       0.31500D+03       0.15809D-09       0.75480D+00       0.30603D+00       0.28845D+00
       0.31600D+03       0.15830D-09       0.45341D+00       0.30605D+00       0.28756D+00
       0.31700D+03       0.15899D-09       0.16418D+00       0.30583D+00       0.28674D+00
       0.31800D+03       0.15871D-09       0.53292D-02       0.30532D+00       0.28600D+00
       0.31900D+03       0.15804D-09       0.74684D-01       0.30472D+00       0.29668D+00
       0.32000D+03       0.15741D-09       0.32620D+00       0.30439D+00       0.29588D+00
       0.32100D+03       0.15689D-09       0.63381D+00       0.30432D+00       0.29500D+00
       0.32200D+03       0.15650D-09       0.90736D+00       0.30445D+00       0.29406D+00
       0.32300D+03       0.15614D-09       0.11010D+01       0.30472D+00       0.29305D+00
       0.32400D+03       0.15575D-09       0.11926D+01       0.30506D+00       0.29201D+00
       0.32500D+03       0.15687D-09       0.11733D+01       0.30543D+00       0.29097D+00
       0.32600D+03       0.15755D-09       0.10447D+01       0.30575D+00       0.28996D+00
       0.32700D+03       0.15783D-09       0.82001D+00       0.30597D+00       0.28900D+00
       0.32800D+03       0.15837D-09       0.52765D+00       0.30603D+00       0.28812D+00
       0.32900D+03       0.15910D-09       0.22647D+00       0.30588D+00       0.28732D+00
       0.33000D+03       0.15866D-09       0.24394D-01       0.30546D+00       0.28658D+00
       0.33100D+03       0.15797D-09       0.37315D-01       0.30485D+00       0.29688D+00
       0.33200D+03       0.15736D-09       0.25654D+00       0.30447D+00       0.29612D+00
       0.33300D+03       0.15682D-09       0.56100D+00       0.30435D+00       0.29530D+00
       0.33400D+03       0.15642D-09       0.84815D+00       0.30443D+00       0.29440D+00
       0.33500D+03       0.15608D-09       0.10635D+01       0.30466D+00       0.29344D+00
       0.33600D+03       0.15572D-09       0.11807D+01       0.30499D+00       0.29244D+00
       0.33700D+03       0.15532D-09       0.11881D+01       0.30534D+00       0.29144D+00
       0.33800D+03       0.15923D-09       0.10849D+01       0.30566D+00       0.29046D+00
       0.33900D+03       0.16007D-09       0.88127D+00       0.30590D+00       0.28952D+00
       0.34000D+03       0.16036D-09       0.60118D+00       0.30600D+00       0.28864D+00
       0.34100D+03       0.16168D-09       0.29431D+00       0.30591D+00       0.28785D+00
       0.34200D+03       0.16204D-09       0.56432D-01       0.30557D+00       0.28713D+00
       0.34300D+03       0.16135D-09       0.12267D-01       0.30500D+00       0.29706D+00
       0.34400D+03       0.16075D-09       0.19148D+00       0.30456D+00       0.29634D+00
       0.34500D+03       0.16019D-09       0.48694D+00       0.30439D+00       0.29556D+00
       0.34600D+03       0.15977D-09       0.78471D+00       0.30442D+00       0.29471D+00
       0.34700D+03       0.15943D-09       0.10203D+01       0.30462D+00       0.29380D+00
       0.34800D+03       0.15908D-09       0.11625D+01       0.30491D+00       0.29285D+00
       0.34900D+03       0.15869D-09       0.11965D+01       0.30525D+00       0.29188D+00
       0.35000D+03       0.15995D-09       0.11192D+01       0.30558D+00       0.29092D+00
       0.35100D+03       0.15986D-09       0.93800D+00       0.30583D+00       0.29000D+00
       0.35200D+03       0.15990D-09       0.67295D+00       0.30597D+00       0.28914D+00
       0.35300D+03       0.15986D-09       0.36584D+00       0.30592D+00       0.28835D+00
       0.35400D+03       0.15991D-09       0.99980D-01       0.30566D+00       0.28764D+00
       0.35500D+03       0.15922D-09       0.72600D-03       0.30514D+00       0.29723D+00
       0.35600D+03       0.15864D-09       0.13296D+00       0.30466D+00       0.29654D+00
       0.35700D+03       0.15809D-09       0.41273D+00       0.30444D+00       0.29581D+00
       0.35800D+03       0.15765D-09       0.71755D+00       0.30443D+00       0.29500D+00
       0.35900D+03       0.15732D-09       0.97172D+00       0.30458D+00       0.29413D+00
       0.36000D+03       0.15700D-09       0.11380D+01       0.30485D+00       0.29322D+00
       0.36100D+03       0.15663D-09       0.11985D+01       0.30517D+00       0.29228D+00
       0.36200D+03       0.15893D-09       0.11476D+01       0.30549D+00       0.29135D+00
       0.36300D+03       0.15986D-09       0.98982D+00       0.30576D+00       0.29045D+00
       0.36400D+03       0.16005D-09       0.74210D+00       0.30592D+00       0.28960D+00
       0.36500D+03       0.16014D-09       0.43942D+00       0.30593D+00       0.28883D+00
       0.36600D+03       0.16132D-09       0.15321D+00       0.30573D+00       0.28812D+00
       0.36700D+03       0.16106D-09       0.32694D-02       0.30528D+00       0.28747D+00
       0.36800D+03       0.16047D-09       0.82994D-01       0.30476D+00       0.29673D+00
       0.36900D+03       0.15992D-09       0.33972D+00       0.30449D+00       0.29603D+00
       0.37000D+03       0.15946D-09       0.64734D+00       0.30444D+00       0.29527D+00
       0.37100D+03       0.15912D-09       0.91802D+00       0.30455D+00       0.29444D+00
       0.37200D+03       0.15881D-09       0.11074D+01       0.30479D+00       0.29357D+00
       0.37300D+03       0.15846D-09       0.11942D+01       0.30510D+00       0.29266D+00
       0.37400D+03       0.15853D-09       0.11698D+01       0.30541D+00       0.29176D+00
       0.37500D+03       0.15851D-09       0.10365D+01       0.30569D+00       0.29088D+00
       0.37600D+03       0.15872D-09       0.80799D+00       0.30587D+00       0.29004D+00
       0.37700D+03       0.15868D-09       0.51367D+00       0.30592D+00       0.28927D+00
       0.37800D+03       0.15860D-09       0.21423D+00       0.30577D+00       0.28858D+00
       0.37900D+03       0.15816D-09       0.19768D-01       0.30540D+00       0.28794D+00
       0.38000D+03       0.15757D-09       0.43466D-01       0.30488D+00       0.29690D+00
       0.38100D+03       0.15704D-09       0.26938D+00       0.30456D+00       0.29624D+00
       0.38200D+03       0.15658D-09       0.57486D+00       0.30446D+00       0.29552D+00
       0.38300D+03       0.15623D-09       0.85966D+00       0.30454D+00       0.29473D+00
       0.38400D+03       0.15594D-09       0.10710D+01       0.30474D+00       0.29389D+00
       0.38500D+03       0.15561D-09       0.11835D+01       0.30502D+00       0.29302D+00
       0.38600D+03       0.15527D-09       0.11858D+01       0.30533D+00       0.29214D+00
       0.38700D+03       0.15886D-09       0.10777D+01       0.30562D+00       0.29128D+00
       0.38800D+03       0.15991D-09       0.87004D+00       0.30582D+00       0.29046D+00
       0.38900D+03       0.16009D-09       0.58741D+00       0.30590D+00       0.28970D+00
       0.39000D+03       0.16095D-09       0.28117D+00       0.30581D+00       0.28900D+00
       0.39100D+03       0.16157D-09       0.49455D-01       0.30550D+00       0.28837D+00
       0.39200D+03       0.16099D-09       0.15988D-01       0.30500D+00       0.29706D+00
       0.39300D+03       0.16046D-09       0.20332D+00       0.30463D+00       0.29643D+00
       0.39400D+03       0.15998D-09       0.50096D+00       0.30449D+00       0.29574D+00
       0.39500D+03       0.15962D-09       0.79699D+00       0.30452D+00       0.29500D+00
       0.39600D+03       0.15932D-09       0.10289D+01       0.30470D+00       0.29419D+00
       0.39700D+03       0.15901D-09       0.11664D+01       0.30496D+00       0.29336D+00
       0.39800D+03       0.15867D-09       0.11954D+01       0.30526D+00       0.29250D+00
       0.39900D+03       0.15858D-09       0.11132D+01       0.30554D+00       0.29166D+00
       0.40000D+03       0.15856D-09       0.92767D+00       0.30576D+00       0.29085D+00
       0.40100D+03       0.15843D-09       0.65959D+00       0.30587D+00       0.29010D+00
       0.40200D+03       0.15822D-09       0.35214D+00       0.30583D+00       0.28941D+00
       0.40300D+03       0.15782D-09       0.90965D-01       0.30558D+00       0.28879D+00
       0.40400D+03       0.15719D-09       0.18332D-02       0.30512D+00       0.29721D+00
       0.40500D+03       0.15669D-09       0.14341D+00       0.30471D+00       0.29661D+00
       0.40600D+03       0.15622D-09       0.42668D+00       0.30452D+00       0.29596D+00
       0.40700D+03       0.15584D-09       0.73048D+00       0.30452D+00       0.29524D+00
       0.40800D+03       0.15556D-09       0.98130D+00       0.30466D+00       0.29448D+00
       0.40900D+03       0.15527D-09       0.11431D+01       0.30490D+00       0.29367D+00
       0.41000D+03       0.15495D-09       0.11986D+01       0.30519D+00       0.29284D+00
       0.41100D+03       0.15766D-09       0.11427D+01       0.30547D+00       0.29202D+00
       0.41200D+03       0.15899D-09       0.98043D+00       0.30570D+00       0.29123D+00
       0.41300D+03       0.16004D-09       0.72929D+00       0.30584D+00       0.29048D+00
       0.41400D+03       0.16089D-09       0.42544D+00       0.30584D+00       0.28980D+00
       0.41500D+03       0.16167D-09       0.14251D+00       0.30565D+00       0.28918D+00
       0.41600D+03       0.16175D-09       0.17082D-02       0.30525D+00       0.28860D+00
       0.41700D+03       0.16123D-09       0.91676D-01       0.30480D+00       0.29677D+00
       0.41800D+03       0.16075D-09       0.35334D+00       0.30457D+00       0.29615D+00
       0.41900D+03       0.16035D-09       0.66078D+00       0.30453D+00       0.29547D+00
       0.42000D+03       0.16005D-09       0.92852D+00       0.30464D+00       0.29474D+00
       0.42100D+03       0.15977D-09       0.11136D+01       0.30485D+00       0.29396D+00
       0.42200D+03       0.15946D-09       0.11955D+01       0.30512D+00       0.29316D+00
       0.42300D+03       0.15916D-09       0.11660D+01       0.30540D+00       0.29236D+00
       0.42400D+03       0.15896D-09       0.10281D+01       0.30564D+00       0.29158D+00
       0.42500D+03       0.15890D-09       0.79584D+00       0.30580D+00       0.29084D+00
       0.42600D+03       0.15888D-09       0.49966D+00       0.30583D+00       0.29016D+00
       0.42700D+03       0.15860D-09       0.20221D+00       0.30570D+00       0.28955D+00
       0.42800D+03       0.15802D-09       0.15614D-01       0.30536D+00       0.28898D+00
       0.42900D+03       0.15750D-09       0.50048D-01       0.30489D+00       0.29692D+00
       0.43000D+03       0.15703D-09       0.28238D+00       0.30462D+00       0.29633D+00
       0.43100D+03       0.15663D-09       0.58867D+00       0.30454D+00       0.29569D+00
       0.43200D+03       0.15633D-09       0.87101D+00       0.30462D+00       0.29499D+00
       0.43300D+03       0.15606D-09       0.10783D+01       0.30480D+00       0.29424D+00
       0.43400D+03       0.15577D-09       0.11860D+01       0.30505D+00       0.29347D+00
       0.43500D+03       0.15547D-09       0.11832D+01       0.30533D+00       0.29269D+00
       0.43600D+03       0.15925D-09       0.10704D+01       0.30558D+00       0.29192D+00
       0.43700D+03       0.15995D-09       0.85865D+00       0.30576D+00       0.29119D+00
       0.43800D+03       0.16036D-09       0.57359D+00       0.30582D+00       0.29051D+00
       0.43900D+03       0.16112D-09       0.26817D+00       0.30573D+00       0.28990D+00
       0.44000D+03       0.16158D-09       0.42899D-01       0.30545D+00       0.28934D+00
       0.44100D+03       0.16105D-09       0.20185D-01       0.30500D+00       0.29706D+00
       0.44200D+03       0.16059D-09       0.21538D+00       0.30468D+00       0.29650D+00
       0.44300D+03       0.16016D-09       0.51497D+00       0.30456D+00       0.29589D+00
       0.44400D+03       0.15984D-09       0.80912D+00       0.30460D+00       0.29522D+00
       0.44500D+03       0.15958D-09       0.10373D+01       0.30476D+00       0.29450D+00
       0.44600D+03       0.15930D-09       0.11701D+01       0.30500D+00       0.29375D+00
       0.44700D+03       0.15900D-09       0.11941D+01       0.30526D+00       0.29299D+00
       0.44800D+03       0.15873D-09       0.11070D+01       0.30551D+00       0.29224D+00
       0.44900D+03       0.15858D-09       0.91715D+00       0.30571D+00       0.29152D+00
       0.45000D+03       0.15846D-09       0.64613D+00       0.30580D+00       0.29085D+00
       0.45100D+03       0.15822D-09       0.33853D+00       0.30575D+00       0.29024D+00
       0.45200D+03       0.15776D-09       0.82307D-01       0.30553D+00       0.28968D+00
       0.45300D+03       0.15720D-09       0.34419D-02       0.30511D+00       0.29719D+00
       0.45400D+03       0.15675D-09       0.15415D+00       0.30475D+00       0.29665D+00
       0.45500D+03       0.15633D-09       0.44067D+00       0.30459D+00       0.29607D+00
       0.45600D+03       0.15600D-09       0.74329D+00       0.30460D+00       0.29543D+00
       0.45700D+03       0.15575D-09       0.99069D+00       0.30473D+00       0.29475D+00
       0.45800D+03       0.15549D-09       0.11479D+01       0.30494D+00       0.29402D+00
       0.45900D+03       0.15520D-09       0.11985D+01       0.30520D+00       0.29328D+00
       0.46000D+03       0.15817D-09       0.11376D+01       0.30545D+00       0.29255D+00
       0.46100D+03       0.15888D-09       0.97086D+00       0.30566D+00       0.29184D+00
       0.46200D+03       0.15942D-09       0.71636D+00       0.30577D+00       0.29117D+00
       0.46300D+03       0.16027D-09       0.41150D+00       0.30576D+00       0.29056D+00
       0.46400D+03       0.16119D-09       0.13211D+00       0.30559D+00       0.29001D+00
       0.46500D+03       0.16105D-09       0.64841D-03       0.30522D+00       0.28949D+00
       0.46600D+03       0.16059D-09       0.10072D+00       0.30483D+00       0.29680D+00
       0.46700D+03       0.16016D-09       0.36704D+00       0.30463D+00       0.29624D+00
       0.46800D+03       0.15981D-09       0.67414D+00       0.30460D+00       0.29563D+00
       0.46900D+03       0.15955D-09       0.93886D+00       0.30470D+00       0.29498D+00
       0.47000D+03       0.15930D-09       0.11196D+01       0.30489D+00       0.29428D+00
       0.47100D+03       0.15902D-09       0.11966D+01       0.30514D+00       0.29356D+00
       0.47200D+03       0.15878D-09       0.11621D+01       0.30539D+00       0.29284D+00
       0.47300D+03       0.15860D-09       0.10195D+01       0.30560D+00       0.29214D+00
       0.47400D+03       0.15844D-09       0.78355D+00       0.30574D+00       0.29148D+00
       0.47500D+03       0.15833D-09       0.48564D+00       0.30576D+00       0.29087D+00
       0.47600D+03       0.15802D-09       0.19041D+00       0.30563D+00       0.29032D+00
       0.47700D+03       0.15749D-09       0.11938D-01       0.30532D+00       0.28981D+00
       0.47800D+03       0.15703D-09       0.57049D-01       0.30491D+00       0.29693D+00
       0.47900D+03       0.15661D-09       0.29551D+00       0.30467D+00       0.29640D+00
       0.48000D+03       0.15626D-09       0.60243D+00       0.30461D+00       0.29582D+00
       0.48100D+03       0.15599D-09       0.88221D+00       0.30468D+00       0.29519D+00
       0.48200D+03       0.15575D-09       0.10854D+01       0.30485D+00       0.29452D+00
       0.48300D+03       0.15549D-09       0.11883D+01       0.30508D+00       0.29382D+00
       0.48400D+03       0.15656D-09       0.11805D+01       0.30533D+00       0.29312D+00
       0.48500D+03       0.15863D-09       0.10628D+01       0.30555D+00       0.29243D+00
       0.48600D+03       0.15949D-09       0.84712D+00       0.30570D+00       0.29178D+00
       0.48700D+03       0.15975D-09       0.55971D+00       0.30576D+00       0.29117D+00
       0.48800D+03       0.16058D-09       0.25534D+00       0.30567D+00       0.29062D+00
       0.48900D+03       0.16091D-09       0.36777D-01       0.30541D+00       0.29011D+00
       0.49000D+03       0.16045D-09       0.24851D-01       0.30500D+00       0.29706D+00
       0.49100D+03       0.16003D-09       0.22763D+00       0.30472D+00       0.29655D+00
       0.49200D+03       0.15965D-09       0.52895D+00       0.30462D+00       0.29600D+00
       0.49300D+03       0.15937D-09       0.82112D+00       0.30466D+00       0.29539D+00
       0.49400D+03       0.15913D-09       0.10455D+01       0.30481D+00       0.29475D+00
       0.49500D+03       0.15888D-09       0.11736D+01       0.30503D+00       0.29407D+00
       0.49600D+03       0.15861D-09       0.11925D+01       0.30527D+00       0.29338D+00
       0.49700D+03       0.15867D-09       0.11005D+01       0.30549D+00       0.29271D+00
       0.49800D+03       0.15858D-09       0.90647D+00       0.30566D+00       0.29206D+00
       0.49900D+03       0.15841D-09       0.63260D+00       0.30574D+00       0.29145D+00
       0.50000D+03       0.15823D-09       0.32500D+00       0.30569D+00       0.29090D+00
       0.50100D+03       0.15784D-09       0.74019D-01       0.30548D+00       0.29040D+00
       0.50200D+03       0.15735D-09       0.55495D-02       0.30510D+00       0.29718D+00
       0.50300D+03       0.15695D-09       0.16516D+00       0.30478D+00       0.29669D+00
       0.50400D+03       0.15657D-09       0.45468D+00       0.30465D+00       0.29616D+00
       0.50500D+03       0.15628D-09       0.75599D+00       0.30466D+00       0.29559D+00
       0.50600D+03       0.15605D-09       0.99990D+00       0.30478D+00       0.29496D+00
       0.50700D+03       0.15582D-09       0.11526D+01       0.30498D+00       0.29431D+00
       0.50800D+03       0.15556D-09       0.11982D+01       0.30521D+00       0.29364D+00
       0.50900D+03       0.15797D-09       0.11323D+01       0.30543D+00       0.29297D+00
       0.51000D+03       0.15882D-09       0.96111D+00       0.30562D+00       0.29233D+00
       0.51100D+03       0.15952D-09       0.70332D+00       0.30572D+00       0.29173D+00
       0.51200D+03       0.16013D-09       0.39761D+00       0.30570D+00       0.29118D+00
       0.51300D+03       0.16081D-09       0.12200D+00       0.30554D+00       0.29068D+00
       0.51400D+03       0.16052D-09       0.91863D-04       0.30520D+00       0.29022D+00
       0.51500D+03       0.16012D-09       0.11011D+00       0.30485D+00       0.29682D+00
       0.51600D+03       0.15973D-09       0.38082D+00       0.30468D+00       0.29632D+00
       0.51700D+03       0.15941D-09       0.68741D+00       0.30466D+00       0.29576D+00
       0.51800D+03       0.15918D-09       0.94902D+00       0.30475D+00       0.29517D+00
       0.51900D+03       0.15895D-09       0.11254D+01       0.30493D+00       0.29453D+00
       0.52000D+03       0.15870D-09       0.11974D+01       0.30515D+00       0.29388D+00
       0.52100D+03       0.15878D-09       0.11579D+01       0.30538D+00       0.29323D+00
       0.52200D+03       0.15910D-09       0.10107D+01       0.30557D+00       0.29260D+00
       0.52300D+03       0.15922D-09       0.77113D+00       0.30569D+00       0.29200D+00
       0.52400D+03       0.15918D-09       0.47162D+00       0.30571D+00       0.29145D+00
       0.52500D+03       0.15919D-09       0.17884D+00       0.30558D+00       0.29095D+00
       0.52600D+03       0.15881D-09       0.87459D-02       0.30529D+00       0.29049D+00
       0.52700D+03       0.15839D-09       0.64459D-01       0.30492D+00       0.29694D+00
       0.52800D+03       0.15801D-09       0.30878D+00       0.30471D+00       0.29646D+00
       0.52900D+03       0.15769D-09       0.61612D+00       0.30466D+00       0.29593D+00
       0.53000D+03       0.15745D-09       0.89325D+00       0.30473D+00       0.29536D+00
       0.53100D+03       0.15723D-09       0.10923D+01       0.30489D+00       0.29475D+00
       0.53200D+03       0.15699D-09       0.11903D+01       0.30510D+00       0.29411D+00
       0.53300D+03       0.15787D-09       0.11775D+01       0.30532D+00       0.29347D+00
       0.53400D+03       0.15890D-09       0.10551D+01       0.30552D+00       0.29285D+00
       0.53500D+03       0.15965D-09       0.83543D+00       0.30566D+00       0.29225D+00
       0.53600D+03       0.16037D-09       0.54580D+00       0.30570D+00       0.29170D+00
       0.53700D+03       0.16125D-09       0.24266D+00       0.30562D+00       0.29120D+00
       0.53800D+03       0.16117D-09       0.31098D-01       0.30537D+00       0.29075D+00
       0.53900D+03       0.16075D-09       0.29978D-01       0.30500D+00       0.29706D+00
       0.54000D+03       0.16037D-09       0.24009D+00       0.30476D+00       0.29660D+00
       0.54100D+03       0.16003D-09       0.54291D+00       0.30467D+00       0.29609D+00
       0.54200D+03       0.15978D-09       0.83297D+00       0.30472D+00       0.29554D+00
       0.54300D+03       0.15956D-09       0.10535D+01       0.30485D+00       0.29495D+00
       0.54400D+03       0.15933D-09       0.11768D+01       0.30505D+00       0.29433D+00
       0.54500D+03       0.15908D-09       0.11907D+01       0.30527D+00       0.29371D+00
       0.54600D+03       0.16003D-09       0.10938D+01       0.30547D+00       0.29309D+00
       0.54700D+03       0.16039D-09       0.89562D+00       0.30562D+00       0.29250D+00
       0.54800D+03       0.16064D-09       0.61898D+00       0.30569D+00       0.29195D+00
       0.54900D+03       0.16136D-09       0.31158D+00       0.30564D+00       0.29145D+00
       0.55000D+03       0.16130D-09       0.66115D-01       0.30544D+00       0.29099D+00
       0.55100D+03       0.16086D-09       0.81520D-02       0.30509D+00       0.29717D+00
       0.55200D+03       0.16049D-09       0.17645D+00       0.30481D+00       0.29672D+00
       0.55300D+03       0.16014D-09       0.46870D+00       0.30469D+00       0.29624D+00
       0.55400D+03       0.15987D-09       0.76856D+00       0.30471D+00       0.29571D+00
       0.55500D+03       0.15966D-09       0.10089D+01       0.30482D+00       0.29514D+00
       0.55600D+03       0.15944D-09       0.11570D+01       0.30500D+00       0.29454D+00
       0.55700D+03       0.15920D-09       0.11976D+01       0.30522D+00       0.29393D+00
       0.55800D+03       0.16094D-09       0.11267D+01       0.30542D+00       0.29332D+00
       0.55900D+03       0.16103D-09       0.95118D+00       0.30559D+00       0.29274D+00
       0.56000D+03       0.16118D-09       0.69018D+00       0.30567D+00       0.29219D+00
       0.56100D+03       0.16128D-09       0.38376D+00       0.30566D+00       0.29169D+00
       0.56200D+03       0.16177D-09       0.11221D+00       0.30550D+00       0.29123D+00
       0.56300D+03       0.16139D-09       0.39688D-04       0.30518D+00       0.29727D+00
       0.56400D+03       0.16102D-09       0.11983D+00       0.30487D+00       0.29684D+00
       0.56500D+03       0.16066D-09       0.39466D+00       0.30472D+00       0.29638D+00
       0.56600D+03       0.16038D-09       0.70058D+00       0.30470D+00       0.29587D+00
       0.56700D+03       0.16016D-09       0.95900D+00       0.30480D+00       0.29532D+00
       0.56800D+03       0.15995D-09       0.11310D+01       0.30496D+00       0.29474D+00
       0.56900D+03       0.15972D-09       0.11981D+01       0.30516D+00       0.29415D+00
       0.57000D+03       0.16025D-09       0.11536D+01       0.30537D+00       0.29355D+00
       0.57100D+03       0.16079D-09       0.10017D+01       0.30554D+00       0.29297D+00
       0.57200D+03       0.16086D-09       0.75859D+00       0.30565D+00       0.29243D+00
       0.57300D+03       0.16080D-09       0.45761D+00       0.30566D+00       0.29192D+00
       0.57400D+03       0.16106D-09       0.16753D+00       0.30554D+00       0.29147D+00
       0.57500D+03       0.16081D-09       0.60434D-02       0.30527D+00       0.29105D+00
       0.57600D+03       0.16043D-09       0.72267D-01       0.30493D+00       0.29695D+00
       0.57700D+03       0.16008D-09       0.32216D+00       0.30475D+00       0.29651D+00
       0.57800D+03       0.15978D-09       0.62974D+00       0.30471D+00       0.29602D+00
       0.57900D+03       0.15956D-09       0.90413D+00       0.30477D+00       0.29550D+00
       0.58000D+03       0.15936D-09       0.10990D+01       0.30492D+00       0.29493D+00
       0.58100D+03       0.15914D-09       0.11921D+01       0.30512D+00       0.29435D+00
       0.58200D+03       0.15967D-09       0.11743D+01       0.30532D+00       0.29377D+00
       0.58300D+03       0.16005D-09       0.10471D+01       0.30550D+00       0.29319D+00
       0.58400D+03       0.16037D-09       0.82359D+00       0.30562D+00       0.29265D+00
       0.58500D+03       0.16037D-09       0.53184D+00       0.30566D+00       0.29215D+00
       0.58600D+03       0.16057D-09       0.23018D+00       0.30558D+00       0.29169D+00
       0.58700D+03       0.16045D-09       0.25871D-01       0.30534D+00       0.29127D+00
       0.58800D+03       0.16006D-09       0.35556D-01       0.30500D+00       0.29706D+00
       0.58900D+03       0.15971D-09       0.25272D+00       0.30479D+00       0.29663D+00
       0.59000D+03       0.15940D-09       0.55683D+00       0.30471D+00       0.29617D+00
       0.59100D+03       0.15917D-09       0.84467D+00       0.30476D+00       0.29566D+00
       0.59200D+03       0.15898D-09       0.10612D+01       0.30489D+00       0.29512D+00
       0.59300D+03       0.15876D-09       0.11799D+01       0.30507D+00       0.29455D+00
       0.59400D+03       0.15854D-09       0.11887D+01       0.30527D+00       0.29398D+00
       0.59500D+03       0.16004D-09       0.10870D+01       0.30546D+00       0.29341D+00
       0.59600D+03       0.16021D-09       0.88460D+00       0.30559D+00       0.29287D+00
       0.59700D+03       0.16019D-09       0.60530D+00       0.30565D+00       0.29237D+00
       0.59800D+03       0.16039D-09       0.29827D+00       0.30560D+00       0.29191D+00
       0.59900D+03       0.16060D-09       0.58605D-01       0.30541D+00       0.29149D+00
       0.60000D+03       0.16022D-09       0.11245D-01       0.30508D+00       0.29716D+00
       0.60100D+03       0.15988D-09       0.18798D+00       0.30483D+00       0.29675D+00
       0.60200D+03       0.15956D-09       0.48273D+00       0.30473D+00       0.29630D+00
       0.60300D+03       0.15931D-09       0.78101D+00       0.30475D+00       0.29582D+00
       0.60400D+03       0.15912D-09       0.10177D+01       0.30486D+00       0.29529D+00
       0.60500D+03       0.15892D-09       0.11613D+01       0.30503D+00       0.29474D+00
       0.60600D+03       0.15870D-09       0.11968D+01       0.30522D+00       0.29418D+00
       0.60700D+03       0.15937D-09       0.11210D+01       0.30541D+00       0.29362D+00
       0.60800D+03       0.15994D-09       0.94107D+00       0.30556D+00       0.29308D+00
       0.60900D+03       0.16025D-09       0.67694D+00       0.30564D+00       0.29258D+00
       0.61000D+03       0.16061D-09       0.36996D+00       0.30561D+00       0.29212D+00
       0.61100D+03       0.16070D-09       0.10275D+00       0.30546D+00       0.29170D+00
       0.61200D+03       0.16032D-09       0.49211D-03       0.30516D+00       0.29726D+00
       0.61300D+03       0.15998D-09       0.12988D+00       0.30488D+00       0.29686D+00
       0.61400D+03       0.15965D-09       0.40855D+00       0.30475D+00       0.29643D+00
       0.61500D+03       0.15940D-09       0.71365D+00       0.30474D+00       0.29596D+00
       0.61600D+03       0.15920D-09       0.96881D+00       0.30483D+00       0.29546D+00
       0.61700D+03       0.15901D-09       0.11364D+01       0.30499D+00       0.29492D+00
       0.61800D+03       0.15879D-09       0.11985D+01       0.30517D+00       0.29437D+00
       0.61900D+03       0.16030D-09       0.11490D+01       0.30536D+00       0.29382D+00
       0.62000D+03       0.16103D-09       0.99260D+00       0.30552D+00       0.29329D+00
       0.62100D+03       0.16154D-09       0.74592D+00       0.30562D+00       0.29279D+00
       0.62200D+03       0.16218D-09       0.44361D+00       0.30562D+00       0.29232D+00
       0.62300D+03       0.16255D-09       0.15647D+00       0.30551D+00       0.29191D+00
       0.62400D+03       0.16252D-09       0.38348D-02       0.30525D+00       0.29152D+00
       0.62500D+03       0.16217D-09       0.80463D-01       0.30494D+00       0.29696D+00
       0.62600D+03       0.16184D-09       0.33566D+00       0.30478D+00       0.29655D+00
       0.62700D+03       0.16157D-09       0.64329D+00       0.30474D+00       0.29610D+00
       0.62800D+03       0.16137D-09       0.91484D+00       0.30481D+00       0.29561D+00
       0.62900D+03       0.16118D-09       0.11055D+01       0.30495D+00       0.29509D+00
       0.63000D+03       0.16097D-09       0.11937D+01       0.30513D+00       0.29456D+00
       0.63100D+03       0.16108D-09       0.11708D+01       0.30532D+00       0.29402D+00
       0.63200D+03       0.16115D-09       0.10390D+01       0.30548D+00       0.29349D+00
       0.63300D+03       0.16118D-09       0.81161D+00       0.30559D+00       0.29299D+00
       0.63400D+03       0.16112D-09       0.51786D+00       0.30562D+00       0.29252D+00
       0.63500D+03       0.16115D-09       0.21788D+00       0.30554D+00       0.29210D+00
       0.63600D+03       0.16084D-09       0.21106D-01       0.30532D+00       0.29172D+00
       0.63700D+03       0.16047D-09       0.41576D-01       0.30501D+00       0.29706D+00
       0.63800D+03       0.16015D-09       0.26551D+00       0.30481D+00       0.29666D+00
       0.63900D+03       0.15987D-09       0.57071D+00       0.30475D+00       0.29623D+00
       0.64000D+03       0.15966D-09       0.85622D+00       0.30480D+00       0.29576D+00
       0.64100D+03       0.15948D-09       0.10688D+01       0.30492D+00       0.29526D+00
       0.64200D+03       0.15928D-09       0.11827D+01       0.30509D+00       0.29473D+00
       0.64300D+03       0.15907D-09       0.11865D+01       0.30527D+00       0.29420D+00
       0.64400D+03       0.16143D-09       0.10799D+01       0.30544D+00       0.29368D+00
       0.64500D+03       0.16189D-09       0.87342D+00       0.30557D+00       0.29318D+00
       0.64600D+03       0.16201D-09       0.59155D+00       0.30562D+00       0.29272D+00
       0.64700D+03       0.16255D-09       0.28509D+00       0.30556D+00       0.29230D+00
       0.64800D+03       0.16288D-09       0.51503D-01       0.30538D+00       0.29191D+00
       0.64900D+03       0.16251D-09       0.14822D-01       0.30508D+00       0.29715D+00
       0.65000D+03       0.16219D-09       0.19975D+00       0.30485D+00       0.29677D+00
       0.65100D+03       0.16190D-09       0.49676D+00       0.30476D+00       0.29636D+00
       0.65200D+03       0.16167D-09       0.79332D+00       0.30478D+00       0.29590D+00
       0.65300D+03       0.16149D-09       0.10264D+01       0.30489D+00       0.29542D+00
       0.65400D+03       0.16130D-09       0.11653D+01       0.30505D+00       0.29491D+00
       0.65500D+03       0.16109D-09       0.11958D+01       0.30523D+00       0.29438D+00
       0.65600D+03       0.16125D-09       0.11150D+01       0.30540D+00       0.29387D+00
       0.65700D+03       0.16116D-09       0.93078D+00       0.30554D+00       0.29337D+00
       0.65800D+03       0.16113D-09       0.66360D+00       0.30560D+00       0.29291D+00
       0.65900D+03       0.16116D-09       0.35624D+00       0.30558D+00       0.29248D+00
       0.66000D+03       0.16094D-09       0.93631D-01       0.30543D+00       0.29210D+00
       0.66100D+03       0.16056D-09       0.14485D-02       0.30515D+00       0.29724D+00
       0.66200D+03       0.16025D-09       0.14024D+00       0.30490D+00       0.29687D+00
       0.66300D+03       0.15995D-09       0.42250D+00       0.30478D+00       0.29648D+00
       0.66400D+03       0.15972D-09       0.72661D+00       0.30478D+00       0.29604D+00
       0.66500D+03       0.15954D-09       0.97845D+00       0.30486D+00       0.29557D+00
       0.66600D+03       0.15936D-09       0.11416D+01       0.30501D+00       0.29507D+00
       0.66700D+03       0.15915D-09       0.11986D+01       0.30518D+00       0.29456D+00
       0.66800D+03       0.16087D-09       0.11442D+01       0.30536D+00       0.29405D+00
       0.66900D+03       0.16150D-09       0.98327D+00       0.30550D+00       0.29356D+00
       0.67000D+03       0.16168D-09       0.73314D+00       0.30559D+00       0.29309D+00
       0.67100D+03       0.16196D-09       0.42963D+00       0.30559D+00       0.29267D+00
       0.67200D+03       0.16247D-09       0.14569D+00       0.30547D+00       0.29228D+00
       0.67300D+03       0.16243D-09       0.21238D-02       0.30523D+00       0.29192D+00
       0.67400D+03       0.16211D-09       0.89035D-01       0.30495D+00       0.29697D+00
       0.67500D+03       0.16181D-09       0.34925D+00       0.30480D+00       0.29659D+00
       0.67600D+03       0.16156D-09       0.65676D+00       0.30478D+00       0.29617D+00
       0.67700D+03       0.16137D-09       0.92539D+00       0.30484D+00       0.29571D+00
       0.67800D+03       0.16119D-09       0.11118D+01       0.30497D+00       0.29523D+00
       0.67900D+03       0.16100D-09       0.11951D+01       0.30514D+00       0.29473D+00
       0.68000D+03       0.16087D-09       0.11672D+01       0.30532D+00       0.29423D+00
       0.68100D+03       0.16074D-09       0.10306D+01       0.30547D+00       0.29374D+00
       0.68200D+03       0.16066D-09       0.79950D+00       0.30557D+00       0.29328D+00
       0.68300D+03       0.16049D-09       0.50386D+00       0.30559D+00       0.29285D+00
       0.68400D+03       0.16026D-09       0.20579D+00       0.30551D+00       0.29246D+00
       0.68500D+03       0.15989D-09       0.16810D-01       0.30530D+00       0.29210D+00
       0.68600D+03       0.15956D-09       0.48030D-01       0.30501D+00       0.29706D+00
       0.68700D+03       0.15926D-09       0.27847D+00       0.30483D+00       0.29669D+00
       0.68800D+03       0.15900D-09       0.58454D+00       0.30478D+00       0.29629D+00
       0.68900D+03       0.15881D-09       0.86762D+00       0.30483D+00       0.29585D+00
       0.69000D+03       0.15864D-09       0.10762D+01       0.30494D+00       0.29538D+00
       0.69100D+03       0.15846D-09       0.11852D+01       0.30510D+00       0.29489D+00
       0.69200D+03       0.15826D-09       0.11840D+01       0.30527D+00       0.29440D+00
       0.69300D+03       0.16064D-09       0.10726D+01       0.30543D+00       0.29391D+00
       0.69400D+03       0.16109D-09       0.86208D+00       0.30554D+00       0.29345D+00
       0.69500D+03       0.16119D-09       0.57774D+00       0.30559D+00       0.29302D+00
       0.69600D+03       0.16169D-09       0.27205D+00       0.30553D+00       0.29263D+00
       0.69700D+03       0.16204D-09       0.44820D-01       0.30536D+00       0.29227D+00
       0.69800D+03       0.16170D-09       0.18877D-01       0.30507D+00       0.29715D+00
       0.69900D+03       0.16141D-09       0.21174D+00       0.30487D+00       0.29679D+00
       0.70000D+03       0.16113D-09       0.51077D+00       0.30479D+00       0.29640D+00
       0.70100D+03       0.16093D-09       0.80550D+00       0.30482D+00       0.29598D+00
       0.70200D+03       0.16076D-09       0.10348D+01       0.30492D+00       0.29553D+00
       0.70300D+03       0.16058D-09       0.11690D+01       0.30506D+00       0.29505D+00
       0.70400D+03       0.16039D-09       0.11945D+01       0.30523D+00       0.29456D+00
       0.70500D+03       0.16022D-09       0.11088D+01       0.30539D+00       0.29409D+00
       0.70600D+03       0.16012D-09       0.92032D+00       0.30552D+00       0.29362D+00
       0.70700D+03       0.16010D-09       0.65018D+00       0.30558D+00       0.29319D+00
       0.70800D+03       0.15999D-09       0.34260D+00       0.30555D+00       0.29280D+00
       0.70900D+03       0.15969D-09       0.84864D-01       0.30541D+00       0.29244D+00
       0.71000D+03       0.15933D-09       0.29071D-02       0.30514D+00       0.29723D+00
       0.71100D+03       0.15904D-09       0.15090D+00       0.30491D+00       0.29689D+00
       0.71200D+03       0.15877D-09       0.43647D+00       0.30481D+00       0.29651D+00
       0.71300D+03       0.15856D-09       0.73946D+00       0.30481D+00       0.29611D+00
       0.71400D+03       0.15839D-09       0.98789D+00       0.30489D+00       0.29566D+00
       0.71500D+03       0.15822D-09       0.11465D+01       0.30503D+00       0.29520D+00
       0.71600D+03       0.15804D-09       0.11986D+01       0.30519D+00       0.29472D+00
       0.71700D+03       0.15995D-09       0.11391D+01       0.30535D+00       0.29425D+00
       0.71800D+03       0.16053D-09       0.97375D+00       0.30549D+00       0.29379D+00
       0.71900D+03       0.16100D-09       0.72025D+00       0.30556D+00       0.29336D+00
       0.72000D+03       0.16130D-09       0.41568D+00       0.30556D+00       0.29296D+00
       0.72100D+03       0.16191D-09       0.13520D+00       0.30545D+00       0.29260D+00
       0.72200D+03       0.16182D-09       0.91341D-03       0.30521D+00       0.29227D+00
       0.72300D+03       0.16153D-09       0.97970D-01       0.30496D+00       0.29697D+00
       0.72400D+03       0.16125D-09       0.36292D+00       0.30483D+00       0.29662D+00
       0.72500D+03       0.16102D-09       0.67014D+00       0.30481D+00       0.29622D+00
       0.72600D+03       0.16084D-09       0.93578D+00       0.30487D+00       0.29580D+00
       0.72700D+03       0.16068D-09       0.11179D+01       0.30499D+00       0.29535D+00
       0.72800D+03       0.16050D-09       0.11963D+01       0.30515D+00       0.29488D+00
       0.72900D+03       0.16032D-09       0.11633D+01       0.30531D+00       0.29441D+00
       0.73000D+03       0.16021D-09       0.10221D+01       0.30545D+00       0.29396D+00
       0.73100D+03       0.16011D-09       0.78725D+00       0.30554D+00       0.29352D+00
       0.73200D+03       0.16003D-09       0.48985D+00       0.30556D+00       0.29313D+00
       0.73300D+03       0.15982D-09       0.19392D+00       0.30548D+00       0.29276D+00
       0.73400D+03       0.15946D-09       0.12989D-01       0.30528D+00       0.29243D+00
       0.73500D+03       0.15916D-09       0.54906D-01       0.30501D+00       0.29706D+00
       0.73600D+03       0.15888D-09       0.29156D+00       0.30485D+00       0.29671D+00
       0.73700D+03       0.15864D-09       0.59831D+00       0.30481D+00       0.29634D+00
       0.73800D+03       0.15847D-09       0.87887D+00       0.30485D+00       0.29593D+00
       0.73900D+03       0.15831D-09       0.10833D+01       0.30496D+00       0.29549D+00
       0.74000D+03       0.15814D-09       0.11876D+01       0.30511D+00       0.29503D+00
       0.74100D+03       0.15868D-09       0.11813D+01       0.30527D+00       0.29457D+00
       0.74200D+03       0.15990D-09       0.10651D+01       0.30542D+00       0.29412D+00
       0.74300D+03       0.16078D-09       0.85059D+00       0.30552D+00       0.29369D+00
       0.74400D+03       0.16134D-09       0.56388D+00       0.30556D+00       0.29328D+00
       0.74500D+03       0.16205D-09       0.25917D+00       0.30550D+00       0.29292D+00
       0.74600D+03       0.16224D-09       0.38567D-01       0.30533D+00       0.29259D+00
       0.74700D+03       0.16194D-09       0.23404D-01       0.30507D+00       0.29714D+00
       0.74800D+03       0.16166D-09       0.22394D+00       0.30488D+00       0.29681D+00
       0.74900D+03       0.16141D-09       0.52476D+00       0.30482D+00       0.29644D+00
       0.75000D+03       0.16122D-09       0.81754D+00       0.30484D+00       0.29605D+00
       0.75100D+03       0.16106D-09       0.10430D+01       0.30494D+00       0.29562D+00
       0.75200D+03       0.16089D-09       0.11726D+01       0.30508D+00       0.29517D+00
       0.75300D+03       0.16071D-09       0.11930D+01       0.30524D+00       0.29472D+00
       0.75400D+03       0.16064D-09       0.11025D+01       0.30538D+00       0.29427D+00
       0.75500D+03       0.16075D-09       0.90969D+00       0.30550D+00       0.29384D+00
       0.75600D+03       0.16075D-09       0.63666D+00       0.30555D+00       0.29344D+00
       0.75700D+03       0.16079D-09       0.32904D+00       0.30552D+00       0.29307D+00
       0.75800D+03       0.16058D-09       0.76464D-01       0.30538D+00       0.29274D+00
       0.75900D+03       0.16024D-09       0.48655D-02       0.30513D+00       0.29722D+00
       0.76000D+03       0.15997D-09       0.16183D+00       0.30492D+00       0.29690D+00
       0.76100D+03       0.15971D-09       0.45048D+00       0.30483D+00       0.29655D+00
       0.76200D+03       0.15951D-09       0.75219D+00       0.30483D+00       0.29616D+00
       0.76300D+03       0.15936D-09       0.99716D+00       0.30491D+00       0.29575D+00
       0.76400D+03       0.15920D-09       0.11512D+01       0.30504D+00       0.29531D+00
       0.76500D+03       0.15902D-09       0.11983D+01       0.30520D+00       0.29487D+00
       0.76600D+03       0.16066D-09       0.11339D+01       0.30535D+00       0.29443D+00
       0.76700D+03       0.16106D-09       0.96405D+00       0.30547D+00       0.29400D+00
       0.76800D+03       0.16114D-09       0.70724D+00       0.30554D+00       0.29359D+00
       0.76900D+03       0.16128D-09       0.40177D+00       0.30553D+00       0.29322D+00
       0.77000D+03       0.16174D-09       0.12500D+00       0.30542D+00       0.29289D+00
       0.77100D+03       0.16163D-09       0.20582D-03       0.30520D+00       0.29258D+00
